ELASTIC
H2
SPECIES: Hp / H2
PROCESS: Hp + H2 -> Hp + H2(Elastic), Elastic
PARAM.:  complete set
COLUMNS: Energy (eV) | Cross section (m2)
-----------------------------
1.00E-01	2.18E-18
1.26E-01	2.15E-18
1.58E-01	2.16E-18
2.00E-01	1.89E-18
2.51E-01	1.72E-18
3.16E-01	1.73E-18
3.98E-01	1.50E-18
5.01E-01	1.47E-18
6.31E-01	1.32E-18
7.94E-01	1.23E-18
1.00E+00	1.18E-18
1.26E+00	1.08E-18
1.58E+00	9.99E-19
2.00E+00	9.49E-19
2.51E+00	9.10E-19
3.16E+00	8.58E-19
3.98E+00	8.23E-19
5.01E+00	7.50E-19
6.31E+00	7.34E-19
7.94E+00	6.58E-19
1.00E+01	6.20E-19
2.00E+01	4.99E-19
5.01E+01	4.05E-19
1.00E+02	3.70E-19
-----------------------------

EXCITATION
H2 -> H2(GTCS)
0.77872
SPECIES: Hp / H2
PROCESS: Hp + H2 -> Hp + H2(GTCS), Excitation v0==>v1
PARAM.:  complete set
COLUMNS: Energy (eV) | Cross section (m2)
-----------------------------
0 0
0.77872 0
0.77873	4.10E-20
0.85387	4.36E-20
0.949086	4.39E-20
1.05651	4.29E-20
1.17255	4.12E-20
1.29155	3.91E-20
1.41405	3.67E-20
1.54351	3.42E-20
1.67973	3.19E-20
1.82246	2.95E-20
1.97434	2.73E-20
2.13242	2.51E-20
2.30316	2.32E-20
2.48382	2.13E-20
2.67865	1.96E-20
2.8975	1.81E-20
3.12949	1.66E-20
3.37497	1.53E-20
3.66175	1.42E-20
4.00302	1.32E-20
4.41592	1.26E-20
4.89354	1.24E-20
5.41464	1.28E-20
5.93718	1.36E-20
6.43196	1.47E-20
6.90512	1.61E-20
7.39072	1.76E-20
7.87472	1.94E-20
8.39041	2.14E-20
8.95339	2.34E-20
9.55414	2.57E-20
10.2106	2.82E-20
10.9452	3.08E-20
11.7681	3.36E-20
12.7104	3.64E-20
13.7488	3.94E-20
14.9171	4.26E-20
16.2827	4.57E-20
17.8811	4.85E-20
19.666	5.12E-20
21.7273	5.37E-20
24.0773	5.59E-20
26.7218	5.79E-20
29.7016	5.94E-20
33.0635	6.03E-20
36.8617	6.05E-20
41.0961	6.05E-20
45.8169	6.04E-20
51.0801	5.99E-20
56.8618	5.90E-20
63.2981	5.79E-20
70.5693	5.68E-20
78.5571	5.55E-20
87.3171	5.40E-20
97.0539	5.24E-20
107.714	5.08E-20
119.544	4.91E-20
132.674	4.75E-20
147.024	4.58E-20
162.926	4.41E-20
180.548	4.25E-20
199.773	4.08E-20
221.381	3.92E-20
245.325	3.77E-20
271.449	3.62E-20
300.354	3.47E-20
332.338	3.32E-20
367.727	3.18E-20
406.885	3.04E-20
449.533	2.91E-20
496.651	2.78E-20
549.538	2.66E-20
607.138	2.55E-20
671.79	2.44E-20
742.204	2.33E-20
819.999	2.22E-20
905.948	2.12E-20
1000.91	2.02E-20
1107.49	1.94E-20
1223.57	1.85E-20
1353.87	1.77E-20
1495.77	1.69E-20
1652.55	1.61E-20
1825.77	1.53E-20
2014.09	1.46E-20
2221.85	1.39E-20
2458.44	1.33E-20
2716.13	1.27E-20
3000.82	1.21E-20
3315.35	1.15E-20
3657.33	1.10E-20
4040.68	1.05E-20
4464.21	1.00E-20
4924.68	9.52E-21
5432.66	9.06E-21
6002.09	8.64E-21
6631.21	8.24E-21
7326.26	7.83E-21
8081.96	7.42E-21
8929.08	7.09E-21
9939.77	6.93E-21
-----------------------------


EXCITATION
H2 -> H2(GTCS)
1.49532
SPECIES: Hp / H2
PROCESS: Hp + H2 -> Hp + H2(GTCS), Excitation v0==>v2
PARAM.:  complete set
COLUMNS: Energy (eV) | Cross section (m2)
-----------------------------
0 0
1.49531 0
1.49532	1.56E-20
1.63715	1.68E-20
1.80875	1.65E-20
1.9833	1.55E-20
2.14859	1.43E-20
2.31013	1.31E-20
2.47633	1.19E-20
2.65048	1.09E-20
2.82832	9.90E-21
3.00899	9.00E-21
3.2012	8.18E-21
3.40569	7.43E-21
3.62872	6.75E-21
3.85469	6.12E-21
4.08856	5.54E-21
4.34973	5.03E-21
4.62759	4.58E-21
4.93809	4.16E-21
5.31739	3.80E-21
5.81296	3.56E-21
6.41256	3.50E-21
7.02079	3.66E-21
7.57149	3.97E-21
8.043	4.39E-21
8.47959	4.87E-21
8.92638	5.42E-21
9.38254	6.02E-21
9.81743	6.68E-21
10.2725	7.42E-21
10.7811	8.23E-21
11.3492	9.10E-21
11.9653	1.01E-20
12.6338	1.11E-20
13.3801	1.23E-20
14.2348	1.35E-20
15.2589	1.48E-20
16.431	1.62E-20
17.7734	1.75E-20
19.3712	1.88E-20
21.2728	1.99E-20
23.5025	2.09E-20
26.0838	2.15E-20
29.0363	2.19E-20
32.3718	2.20E-20
36.0904	2.18E-20
40.1755	2.14E-20
44.6555	2.08E-20
49.5602	2.01E-20
54.7549	1.93E-20
60.4028	1.83E-20
66.5328	1.74E-20
73.2848	1.65E-20
80.722	1.56E-20
88.7798	1.48E-20
97.3475	1.39E-20
106.742	1.30E-20
116.866	1.22E-20
128.145	1.15E-20
140.087	1.08E-20
153.143	1.01E-20
167.416	9.42E-21
182.742	8.78E-21
199.472	8.20E-21
218.062	7.68E-21
237.666	7.16E-21
259.033	6.67E-21
282.746	6.22E-21
308.631	5.81E-21
336.886	5.42E-21
367.172	5.05E-21
399.577	4.70E-21
434.842	4.37E-21
473.219	4.06E-21
516.541	3.79E-21
563.83	3.53E-21
613.591	3.29E-21
668.753	3.05E-21
728.874	2.84E-21
793.201	2.64E-21
863.206	2.46E-21
942.23	2.29E-21
1026.94	2.13E-21
1119.26	1.98E-21
1218.04	1.84E-21
1325.54	1.71E-21
1442.53	1.59E-21
1572.21	1.48E-21
1710.97	1.37E-21
1864.78	1.28E-21
2026.3	1.18E-21
2198.48	1.10E-21
2388.9	1.02E-21
2603.66	9.52E-22
2837.73	8.87E-22
3088.18	8.24E-22
3360.73	7.66E-22
3662.86	7.14E-22
3986.13	6.62E-22
4344.48	6.15E-22
4735.05	5.72E-22
5145.17	5.32E-22
5590.81	4.94E-22
6093.43	4.60E-22
6631.21	4.27E-22
7216.45	3.97E-22
7877.1	3.69E-22
8624.24	3.44E-22
9371.21	3.19E-22
9939.77	2.91E-22
-----------------------------


EXCITATION
H2 -> H2(GTCS)
0.1
SPECIES: Hp / H2
PROCESS: Hp + H2 -> Hp + H2(GTCS), Excitation j0==>j2&j3
PARAM.:  complete set
COLUMNS: Energy (eV) | Cross section (m2)
-----------------------------
0 0
1E-1 0 
1.01E-01	3.25E-19
1.19E-01	3.21E-19
1.42E-01	3.18E-19
1.68E-01	3.15E-19
2.00E-01	3.14E-19
2.38E-01	3.12E-19
2.84E-01	3.11E-19
3.38E-01	3.10E-19
4.02E-01	3.07E-19
4.78E-01	3.04E-19
5.69E-01	3.00E-19
6.77E-01	2.95E-19
8.05E-01	2.88E-19
9.58E-01	2.81E-19
1.14E+00	2.73E-19
1.36E+00	2.64E-19
1.61E+00	2.54E-19
1.92E+00	2.44E-19
2.28E+00	2.32E-19
2.72E+00	2.20E-19
3.23E+00	2.06E-19
3.85E+00	1.91E-19
4.58E+00	1.75E-19
5.45E+00	1.58E-19
6.48E+00	1.41E-19
7.71E+00	1.22E-19
9.18E+00	1.04E-19
1.09E+01	8.56E-20
1.30E+01	6.87E-20
1.55E+01	5.35E-20
1.84E+01	4.03E-20
2.19E+01	2.93E-20
2.60E+01	2.07E-20
3.10E+01	1.41E-20
3.69E+01	9.34E-21
4.39E+01	6.02E-21
5.22E+01	3.79E-21
6.21E+01	2.35E-21
7.39E+01	1.44E-21
8.79E+01	8.75E-22
1.05E+02	5.33E-22
1.24E+02	3.27E-22
1.48E+02	2.03E-22
1.76E+02	1.28E-22
2.10E+02	8.13E-23
2.49E+02	5.23E-23
2.97E+02	3.35E-23
3.53E+02	2.11E-23
4.20E+02	1.26E-23
5.00E+02	6.92E-24
-----------------------------
